249.960 44.267
250.181 44.475
250.407 44.682
250.638 44.886
250.874 45.089
251.115 45.290
251.361 45.488
251.613 45.685
251.870 45.880
252.133 46.074
252.402 46.265
252.678 46.455
252.959 46.643
253.247 46.829
253.541 47.014
253.843 47.197
254.151 47.378
254.342 47.612
254.665 47.789
254.996 47.965
255.334 48.138
255.681 48.310
256.037 48.481
256.273 48.702
256.646 48.868
257.029 49.032
257.421 49.195
257.693 49.406
258.106 49.564
258.531 49.720
258.967 49.874
259.282 50.075
259.742 50.224
260.215 50.370
260.567 50.563
261.068 50.703
261.583 50.840
261.977 51.024
262.524 51.154
262.950 51.330
263.532 51.452
263.993 51.621
264.612 51.734
265.112 51.893
265.632 52.046
266.315 52.144
266.881 52.286
267.472 52.421
268.230 52.499
268.875 52.619
269.549 52.732
270.254 52.835
270.992 52.927
271.765 53.009
272.576 53.079
273.285 53.188
274.180 53.230
275.120 53.254
275.970 53.314
276.875 53.354
277.838 53.371
278.867 53.361
279.636 53.457
279.302 53.996
279.007 54.509
278.601 55.053
278.373 55.521
278.025 56.022
277.702 56.505
277.402 56.970
277.287 57.371
277.034 57.808
276.633 58.279
276.417 58.689
276.219 59.089
276.040 59.479
275.877 59.859
275.550 60.273
275.418 60.635
275.113 61.031
275.010 61.378
274.922 61.719
274.651 62.093
274.589 62.421
274.339 62.782
274.096 63.135
274.071 63.448
273.846 63.791
273.846 64.096
273.639 64.429
273.440 64.757
273.474 65.050
273.292 65.371
273.117 65.687
272.949 65.999
273.027 66.281
272.875 66.587
272.731 66.890
272.593 67.190
272.715 67.463
272.595 67.758
272.481 68.051
272.374 68.340
272.274 68.628
272.181 68.914
272.371 69.179
272.297 69.461
272.230 69.742
272.171 70.021
272.119 70.299
272.076 70.575
272.040 70.850
272.014 71.124
271.996 71.397
271.987 71.669
271.987 71.940
271.998 72.210
272.018 72.480
272.050 72.749
272.092 73.018
272.146 73.286
272.564 73.547
272.649 73.816
272.747 74.084
272.489 74.358
272.610 74.626
272.747 74.894
272.901 75.162
273.073 75.430
273.264 75.699
273.474 75.968
273.707 76.237
273.962 76.507
274.243 76.777
274.550 77.048
274.885 77.320
275.251 77.592
275.175 77.865
275.601 78.138
276.064 78.412
276.570 78.687
277.122 78.962
277.724 79.237
277.832 79.514
278.534 79.790
279.302 80.067
280.142 80.344
280.447 80.623
281.437 80.900
282.523 81.176
283.716 81.450
284.335 81.730
285.758 82.002
287.329 82.270
288.299 82.546
290.192 82.808
291.469 83.078
293.767 83.329
296.314 83.569
298.239 83.821
301.340 84.038
303.822 84.269
307.579 84.451
310.725 84.649
314.226 84.827
319.063 84.929
323.282 85.048
327.832 85.133
332.667 85.179
338.482 85.105
343.567 85.054
348.656 84.951
353.646 84.795
358.044 84.677
362.662 84.413
366.951 84.094
370.709 83.818
374.326 83.390
377.500 83.006
380.392 82.567
23.000 82.071
25.608 82.567
28.500 83.006
31.674 83.390
35.291 83.818
39.049 84.094
43.338 84.413
47.956 84.677
52.354 84.795
57.344 84.951
62.433 85.054
67.518 85.105
73.333 85.179
78.168 85.133
82.718 85.048
86.937 84.929
91.774 84.827
95.275 84.649
98.421 84.451
102.178 84.269
104.660 84.038
107.761 83.821
109.686 83.569
112.233 83.329
114.531 83.078
115.808 82.808
117.701 82.546
118.671 82.270
120.242 82.002
121.665 81.730
122.284 81.450
123.477 81.176
124.563 80.900
125.553 80.623
125.858 80.344
126.698 80.067
127.466 79.790
128.168 79.514
128.276 79.237
128.878 78.962
129.430 78.687
129.936 78.412
130.399 78.138
130.825 77.865
130.749 77.592
131.115 77.320
131.450 77.048
131.757 76.777
132.038 76.507
132.293 76.237
132.526 75.968
132.736 75.699
132.927 75.430
133.099 75.162
133.253 74.894
133.390 74.626
133.511 74.358
133.617 74.090
133.351 73.816
133.788 73.555
133.854 73.286
133.908 73.018
133.950 72.749
133.982 72.480
134.002 72.210
134.013 71.940
134.013 71.669
134.004 71.397
133.986 71.124
133.960 70.850
133.924 70.575
133.881 70.299
133.829 70.021
133.770 69.742
133.703 69.461
133.629 69.179
133.819 68.914
133.726 68.628
133.626 68.340
133.519 68.051
133.405 67.758
133.285 67.463
133.407 67.190
133.269 66.890
133.125 66.587
132.973 66.281
133.051 65.999
132.883 65.687
132.708 65.371
132.526 65.050
132.560 64.757
132.361 64.429
132.154 64.096
132.154 63.791
131.929 63.448
131.904 63.135
131.661 62.782
131.411 62.421
131.349 62.093
131.078 61.719
130.990 61.378
130.887 61.031
130.582 60.635
130.450 60.273
130.123 59.859
129.960 59.479
129.781 59.089
129.583 58.689
129.367 58.279
128.966 57.808
128.713 57.371
128.598 56.970
128.298 56.505
127.975 56.022
127.627 55.521
127.399 55.053
126.993 54.509
126.698 53.996
126.364 53.457
127.133 53.361
128.162 53.371
129.125 53.354
130.030 53.314
130.880 53.254
131.820 53.230
132.715 53.188
133.424 53.079
134.235 53.009
135.008 52.927
135.746 52.835
136.451 52.732
137.125 52.619
137.770 52.499
138.528 52.421
139.119 52.286
139.685 52.144
140.368 52.046
140.888 51.893
141.388 51.734
142.007 51.621
142.468 51.452
143.050 51.330
143.476 51.154
144.023 51.024
144.417 50.840
144.932 50.703
145.433 50.563
145.785 50.370
146.258 50.224
146.718 50.075
147.033 49.874
147.469 49.720
147.894 49.564
148.307 49.406
148.579 49.195
148.971 49.032
149.354 48.868
149.727 48.702
149.963 48.481
150.319 48.310
150.666 48.138
151.004 47.965
151.335 47.789
151.658 47.612
151.849 47.378
152.157 47.197
152.459 47.014
152.753 46.829
153.041 46.643
153.322 46.455
153.598 46.265
153.867 46.074
154.130 45.880
154.387 45.685
154.639 45.488
154.885 45.290
155.126 45.089
155.362 44.886
155.593 44.682
155.819 44.475
156.040 44.267
156.257 44.056
156.468 43.843
156.676 43.628
156.879 43.411
157.078 43.191
157.272 42.970
157.463 42.745
157.649 42.518
157.832 42.289
158.010 42.057
158.185 41.822
158.356 41.584
158.524 41.343
158.687 41.100
158.847 40.853
159.004 40.603
159.255 40.416
159.403 40.160
159.548 39.900
159.690 39.636
159.829 39.368
159.964 39.097
160.188 38.890
160.315 38.610
160.439 38.326
160.560 38.037
160.766 37.814
160.879 37.516
160.989 37.212
161.095 36.903
161.284 36.660
161.382 36.339
161.477 36.013
161.651 35.753
161.738 35.413
161.821 35.066
161.980 34.786
162.055 34.423
162.204 34.129
162.269 33.750
162.407 33.438
162.463 33.040
162.589 32.709
162.710 32.369
162.749 31.939
162.857 31.575
162.957 31.200
162.978 30.732
163.064 30.328
163.142 29.910
163.211 29.475
163.271 29.023
163.321 28.553
163.361 28.062
163.456 27.630
163.473 27.093
163.477 26.530
163.531 26.020
163.568 25.480
163.587 24.905
163.587 24.291
163.705 23.835
164.289 24.048
164.847 24.230
165.441 24.469
165.956 24.599
166.509 24.792
167.044 24.964
167.562 25.117
168.006 25.167
168.494 25.287
169.025 25.477
169.487 25.568
169.936 25.646
170.374 25.712
170.801 25.766
171.274 25.896
171.682 25.930
172.136 26.041
172.526 26.056
172.908 26.063
173.337 26.149
173.705 26.139
174.118 26.211
174.525 26.275
174.873 26.245
175.267 26.297
175.603 26.254
175.985 26.294
176.361 26.329
176.682 26.269
177.049 26.293
177.410 26.313
177.766 26.327
178.070 26.247
178.418 26.253
178.761 26.254
179.101 26.251
179.390 26.153
179.722 26.141
180.051 26.126
180.376 26.107
180.698 26.084
181.017 26.058
181.289 25.936
181.603 25.902
181.913 25.865
182.221 25.824
182.526 25.780
182.828 25.732
183.129 25.681
183.427 25.627
183.723 25.569
184.016 25.508
184.308 25.444
184.598 25.376
184.886 25.306
185.172 25.231
185.421 25.059
185.740 25.073
186.022 24.989
186.268 24.806
186.548 24.715
186.859 24.717
187.136 24.619
187.411 24.518
187.686 24.413
187.960 24.305
188.232 24.193
188.505 24.077
188.776 23.958
189.047 23.835
189.317 23.708
189.587 23.577
189.856 23.442
190.125 23.302
190.419 23.256
190.687 23.109
190.955 22.957
191.222 22.800
191.490 22.639
191.758 22.472
192.048 22.399
192.315 22.223
192.584 22.041
192.852 21.855
193.140 21.760
193.409 21.562
193.679 21.357
193.949 21.147
194.237 21.028
194.508 20.804
194.781 20.573
195.069 20.434
195.344 20.187
195.633 20.032
195.909 19.770
196.187 19.499
196.479 19.317
196.759 19.027
197.052 18.826
197.337 18.515
197.632 18.292
197.929 18.057
198.219 17.709
198.519 17.448
198.820 17.173
199.124 16.882
199.423 16.475
199.731 16.151
200.042 15.808
200.356 15.444
200.676 15.159
200.995 14.751
201.318 14.317
201.647 13.955
201.977 13.463
202.314 13.037
202.654 12.575
203.000 12.071
203.000 12.071
203.346 12.575
203.686 13.037
204.023 13.463
204.353 13.955
204.682 14.317
205.005 14.751
205.324 15.159
205.644 15.444
205.958 15.808
206.269 16.151
206.577 16.475
206.876 16.882
207.180 17.173
207.481 17.448
207.781 17.709
208.071 18.057
208.368 18.292
208.663 18.515
208.948 18.826
209.241 19.027
209.521 19.317
209.813 19.499
210.091 19.770
210.367 20.032
210.656 20.187
210.931 20.434
211.219 20.573
211.492 20.804
211.763 21.028
212.051 21.147
212.321 21.357
212.591 21.562
212.860 21.760
213.148 21.855
213.416 22.041
213.685 22.223
213.952 22.399
214.242 22.472
214.510 22.639
214.778 22.800
215.045 22.957
215.313 23.109
215.581 23.256
215.875 23.302
216.144 23.442
216.413 23.577
216.683 23.708
216.953 23.835
217.224 23.958
217.495 24.077
217.768 24.193
218.040 24.305
218.314 24.413
218.589 24.518
218.864 24.619
219.141 24.717
219.419 24.811
219.732 24.806
219.978 24.989
220.260 25.073
220.543 25.154
220.828 25.231
221.114 25.306
221.402 25.376
221.692 25.444
221.984 25.508
222.277 25.569
222.573 25.627
222.871 25.681
223.172 25.732
223.474 25.780
223.779 25.824
224.087 25.865
224.397 25.902
224.711 25.936
224.983 26.058
225.302 26.084
225.624 26.107
225.949 26.126
226.278 26.141
226.610 26.153
226.899 26.251
227.239 26.254
227.582 26.253
227.930 26.247
228.234 26.327
228.590 26.313
228.951 26.293
229.318 26.269
229.639 26.329
230.015 26.294
230.397 26.254
230.733 26.297
231.127 26.245
231.475 26.275
231.882 26.211
232.295 26.139
232.663 26.149
233.092 26.063
233.474 26.056
233.864 26.041
234.318 25.930
234.726 25.896
235.199 25.766
235.626 25.712
236.064 25.646
236.513 25.568
236.975 25.477
237.506 25.287
237.994 25.167
238.438 25.117
238.956 24.964
239.491 24.792
240.044 24.599
240.559 24.469
241.153 24.230
241.711 24.048
242.295 23.835
242.413 24.291
242.413 24.905
242.432 25.480
242.469 26.020
242.523 26.530
242.527 27.093
242.544 27.630
242.639 28.062
242.679 28.553
242.729 29.023
242.789 29.475
242.858 29.910
242.936 30.328
243.022 30.732
243.043 31.200
243.143 31.575
243.251 31.939
243.290 32.369
243.411 32.709
243.537 33.040
243.593 33.438
243.731 33.750
243.796 34.129
243.945 34.423
244.020 34.786
244.179 35.066
244.262 35.413
244.349 35.753
244.523 36.013
244.618 36.339
244.716 36.660
244.905 36.903
245.011 37.212
245.121 37.516
245.234 37.814
245.440 38.037
245.561 38.326
245.685 38.610
245.812 38.890
246.036 39.097
246.171 39.368
246.310 39.636
246.452 39.900
246.597 40.160
246.745 40.416
246.996 40.603
247.153 40.853
247.313 41.100
247.476 41.343
247.644 41.584
247.815 41.822
247.990 42.057
248.168 42.289
248.351 42.518
248.537 42.745
248.728 42.970
248.922 43.191
249.121 43.411
249.324 43.628
249.532 43.843
249.743 44.056

