 -179.2  67.6    38.1
 -178.0  67.3    38.4
 -176.9  67.0    38.8
 -175.8  66.7    39.2
 -174.7  66.3    39.6
 -173.7  65.9    40.0
 -172.7  65.5    40.4
 -171.7  65.1    40.8
 -170.8  64.7    41.3
 -169.9  64.2    41.7
 -169.1  63.8    42.2
 -168.3  63.3    42.7
 -167.5  62.8    43.2
 -166.7  62.3    43.7
 -166.0  61.8    44.2
 -165.3  61.3    44.7
 -164.7  61.3    44.7
 -164.0  61.8    44.2
 -163.3  62.3    43.7
 -162.5  62.8    43.2
 -161.7  63.3    42.7
 -160.9  63.8    42.2
 -160.1  64.2    41.7
 -159.2  64.7    41.3
 -158.3  65.1    40.8
 -157.3  65.5    40.4
 -156.3  65.9    40.0
 -155.3  66.3    39.6
 -154.2  66.7    39.2
 -153.1  67.0    38.8
 -152.0  67.3    38.4
 -150.8  67.6    38.1
 -149.6  67.9    37.7
 -148.4  68.2    37.4
 -147.1  68.5    37.1
 -145.8  68.7    36.7
 -144.5  69.0    36.4
 -143.1  69.2    36.2
 -141.7  69.3    35.9
 -140.3  69.5    35.6
 -138.9  69.6    35.4
 -137.5  69.8    35.2
 -136.0  69.9    34.9
 -134.5  70.0    34.7
 -133.0  70.0    34.6
 -131.5  70.1    34.4
 -130.1  70.1    34.2
 -128.6  70.1    34.1
 -127.1  70.1    33.9
 -125.6  70.0    33.8
 -124.2  70.0    33.7
 -122.7  69.9    33.6
 -121.3  69.8    33.6
 -119.9  69.7    33.5
 -118.5  69.5    33.5
 -117.1  69.4    33.4
 -115.8  69.2    33.4
 -114.5  69.0    33.4
 -113.2  68.8    33.4
 -112.0  68.6    33.5
 -110.8  68.4    33.5
 -109.7  68.1    33.6
 -108.5  67.8    33.6
 -107.4  67.5    33.7
 -106.4  67.2    33.8
 -105.4  66.9    33.9
 -104.4  66.6    34.1
 -103.5  66.3    34.2
 -102.6  65.9    34.4
 -101.7  65.5    34.5
 -100.9  65.2    34.7
 -100.1  64.8    34.9
 -99.3  64.4    35.1
 -98.6  64.0    35.4
 -97.9  63.6    35.6
 -97.2  63.1    35.9
 -96.6  62.7    36.1
 -96.0  62.2    36.4
 -95.4  61.8    36.7
 -94.8  61.3    37.0
 -94.3  60.9    37.3
 -93.8  60.4    37.7
 -93.4  59.9    38.0
 -92.9  59.4    38.4
 -92.5  58.9    38.7
 -92.1  58.4    39.1
 -91.7  57.8    39.5
 -91.4  57.3    39.9
 -91.1  56.8    40.3
 -90.8  56.2    40.8
 -90.5  55.7    41.2
 -90.2  55.1    41.7
 -90.0  54.5    42.1
 -89.7  53.9    42.6
 -89.5  53.4    43.1
 -89.3  52.8    43.6
 -89.2  52.1    44.1
 -89.0  51.5    44.7
 -87.2  52.3    43.5
 -86.3  52.7    43.0
 -85.5  53.0    42.5
 -84.6  53.3    42.0
 -83.8  53.6    41.5
 -82.9  53.9    41.0
 -82.0  54.2    40.6
 -81.1  54.4    40.1
 -80.2  54.7    39.7
 -79.3  54.9    39.3
 -78.4  55.1    38.8
 -77.5  55.3    38.4
 -76.6  55.4    38.1
 -75.6  55.6    37.7
 -74.7  55.7    37.3
 -73.8  55.9    37.0
 -72.8  56.0    36.6
 -71.9  56.1    36.3
 -70.9  56.1    36.0
 -70.0  56.2    35.7
 -69.0  56.3    35.4
 -68.1  56.3    35.1
 -67.1  56.3    34.8
 -66.2  56.3    34.6
 -65.3  56.3    34.4
 -64.3  56.3    34.1
 -63.4  56.2    33.9
 -62.5  56.2    33.7
 -61.6  56.1    33.6
 -60.7  56.0    33.4
 -59.8  55.9    33.2
 -58.9  55.8    33.1
 -58.1  55.7    33.0
 -57.2  55.5    32.9
 -56.4  55.4    32.8
 -55.5  55.2    32.7
 -54.7  55.0    32.6
 -53.9  54.8    32.6
 -53.1  54.6    32.5
 -52.4  54.4    32.5
 -51.6  54.2    32.5
 -50.9  53.9    32.5
 -50.1  53.7    32.5
 -49.4  53.4    32.6
 -48.7  53.1    32.6
 -48.0  52.9    32.7
 -47.4  52.6    32.8
 -46.7  52.2    32.9
 -46.1  51.9    33.0
 -45.4  51.6    33.1
 -44.8  51.3    33.2
 -44.3  50.9    33.4
 -43.7  50.6    33.6
 -43.1  50.2    33.7
 -42.6  49.8    33.9
 -42.1  49.4    34.1
 -41.6  49.0    34.4
 -41.1  48.6    34.6
 -40.6  48.2    34.8
 -40.1  47.8    35.1
 -39.7  47.4    35.4
 -39.2  46.9    35.7
 -38.8  46.5    36.0
 -38.4  46.0    36.3
 -38.0  45.6    36.6
 -37.6  45.1    37.0
 -37.3  44.6    37.3
 -36.9  44.1    37.7
 -36.6  43.6    38.1
 -36.3  43.1    38.4
 -36.0  42.6    38.8
 -35.7  42.1    39.3
 -35.4  41.6    39.7
 -35.1  41.1    40.1
 -34.8  40.5    40.6
 -34.6  40.0    41.0
 -34.3  39.4    41.5
 -34.1  38.8    42.0
 -33.9  38.3    42.5
 -33.7  37.7    43.0
 -33.5  37.1    43.5
 -33.1  35.8    44.7
 -32.5  36.2    44.1
 -31.9  36.6    43.6
 -31.3  36.9    43.1
 -30.7  37.3    42.6
 -30.1  37.7    42.1
 -29.5  38.0    41.7
 -28.9  38.3    41.2
 -28.3  38.7    40.8
 -27.6  39.0    40.3
 -27.0  39.3    39.9
 -26.4  39.5    39.5
 -25.7  39.8    39.1
 -25.1  40.1    38.7
 -24.4  40.3    38.4
 -23.8  40.5    38.0
 -23.1  40.7    37.7
 -22.5  40.9    37.3
 -21.8  41.1    37.0
 -21.1  41.3    36.7
 -20.5  41.5    36.4
 -19.8  41.6    36.1
 -19.1  41.8    35.9
 -18.4  41.9    35.6
 -17.8  42.0    35.4
 -17.1  42.1    35.1
 -16.4  42.2    34.9
 -15.7  42.3    34.7
 -15.0  42.3    34.5
 -14.3  42.4    34.4
 -13.7  42.4    34.2
 -13.0  42.5    34.1
 -12.3  42.5    33.9
 -11.6  42.5    33.8
 -10.9  42.5    33.7
 -10.2  42.4    33.6
  -9.6  42.4    33.6
  -8.9  42.4    33.5
  -8.2  42.3    33.5
  -7.5  42.2    33.4
  -6.9  42.2    33.4
  -6.2  42.1    33.4
  -5.6  42.0    33.4
  -4.9  41.8    33.5
  -4.3  41.7    33.5
  -3.6  41.6    33.6
  -3.0  41.4    33.6
  -2.3  41.3    33.7
  -1.7  41.1    33.8
  -1.1  40.9    33.9
  -0.5  40.7    34.1
   0.1  40.5    34.2
   0.7  40.3    34.4
   1.3  40.0    34.6
   1.9  39.8    34.7
   2.5  39.6    34.9
   3.1  39.3    35.2
   3.6  39.0    35.4
   4.2  38.7    35.6
   4.8  38.4    35.9
   5.3  38.1    36.2
   5.8  37.8    36.4
   6.4  37.5    36.7
   6.9  37.2    37.1
   7.4  36.8    37.4
   7.9  36.4    37.7
   8.4  36.1    38.1
   8.9  35.7    38.4
   9.4  35.3    38.8
   9.8  34.9    39.2
  10.3  34.5    39.6
  10.7  34.1    40.0
  11.2  33.6    40.4
  11.6  33.2    40.8
  12.1  32.7    41.3
  12.5  32.3    41.7
  12.9  31.8    42.2
  13.3  31.3    42.7
  13.7  30.8    43.2
  14.1  30.3    43.7
  14.5  29.8    44.2
  14.8  29.3    44.7
  15.2  29.3    44.7
  15.5  29.8    44.2
  15.9  30.3    43.7
  16.3  30.8    43.2
  16.7  31.3    42.7
  17.1  31.8    42.2
  17.5  32.3    41.7
  17.9  32.7    41.3
  18.4  33.2    40.8
  18.8  33.6    40.4
  19.3  34.1    40.0
  19.7  34.5    39.6
  20.2  34.9    39.2
  20.6  35.3    38.8
  21.1  35.7    38.4
  21.6  36.1    38.1
  22.1  36.4    37.7
  22.6  36.8    37.4
  23.1  37.2    37.1
  23.6  37.5    36.7
  24.2  37.8    36.4
  24.7  38.1    36.2
  25.2  38.4    35.9
  25.8  38.7    35.6
  26.4  39.0    35.4
  26.9  39.3    35.2
  27.5  39.6    34.9
  28.1  39.8    34.7
  28.7  40.0    34.6
  29.3  40.3    34.4
  29.9  40.5    34.2
  30.5  40.7    34.1
  31.1  40.9    33.9
  31.7  41.1    33.8
  32.3  41.3    33.7
  33.0  41.4    33.6
  33.6  41.6    33.6
  34.3  41.7    33.5
  34.9  41.8    33.5
  35.6  42.0    33.4
  36.2  42.1    33.4
  36.9  42.2    33.4
  37.5  42.2    33.4
  38.2  42.3    33.5
  38.9  42.4    33.5
  39.6  42.4    33.6
  40.2  42.4    33.6
  40.9  42.5    33.7
  41.6  42.5    33.8
  42.3  42.5    33.9
  43.0  42.5    34.1
  43.7  42.4    34.2
  44.3  42.4    34.4
  45.0  42.3    34.5
  45.7  42.3    34.7
  46.4  42.2    34.9
  47.1  42.1    35.1
  47.8  42.0    35.4
  48.4  41.9    35.6
  49.1  41.8    35.9
  49.8  41.6    36.1
  50.5  41.5    36.4
  51.1  41.3    36.7
  51.8  41.1    37.0
  52.5  40.9    37.3
  53.1  40.7    37.7
  53.8  40.5    38.0
  54.4  40.3    38.4
  55.1  40.1    38.7
  55.7  39.8    39.1
  56.4  39.5    39.5
  57.0  39.3    39.9
  57.6  39.0    40.3
  58.3  38.7    40.8
  58.9  38.3    41.2
  59.5  38.0    41.7
  60.1  37.7    42.1
  60.7  37.3    42.6
  61.3  36.9    43.1
  61.9  36.6    43.6
  62.5  36.2    44.1
  63.1  35.8    44.7
  63.5  37.1    43.5
  63.7  37.7    43.0
  63.9  38.3    42.5
  64.1  38.8    42.0
  64.3  39.4    41.5
  64.6  40.0    41.0
  64.8  40.5    40.6
  65.1  41.1    40.1
  65.4  41.6    39.7
  65.7  42.1    39.3
  66.0  42.6    38.8
  66.3  43.1    38.4
  66.6  43.6    38.1
  66.9  44.1    37.7
  67.3  44.6    37.3
  67.6  45.1    37.0
  68.0  45.6    36.6
  68.4  46.0    36.3
  68.8  46.5    36.0
  69.2  46.9    35.7
  69.7  47.4    35.4
  70.1  47.8    35.1
  70.6  48.2    34.8
  71.1  48.6    34.6
  71.6  49.0    34.4
  72.1  49.4    34.1
  72.6  49.8    33.9
  73.1  50.2    33.7
  73.7  50.6    33.6
  74.3  50.9    33.4
  74.8  51.3    33.2
  75.4  51.6    33.1
  76.1  51.9    33.0
  76.7  52.2    32.9
  77.4  52.6    32.8
  78.0  52.9    32.7
  78.7  53.1    32.6
  79.4  53.4    32.6
  80.1  53.7    32.5
  80.9  53.9    32.5
  81.6  54.2    32.5
  81.6  54.2    32.5
  82.4  54.4    32.5
  83.1  54.6    32.5
  83.9  54.8    32.6
  84.7  55.0    32.6
  85.5  55.2    32.7
  86.4  55.4    32.8
  87.2  55.5    32.9
  88.1  55.7    33.0
  88.9  55.8    33.1
  89.8  55.9    33.2
  90.7  56.0    33.4
  91.6  56.1    33.6
  92.5  56.2    33.7
  93.4  56.2    33.9
  94.3  56.3    34.1
  95.3  56.3    34.4
  96.2  56.3    34.6
  97.1  56.3    34.8
  98.1  56.3    35.1
  99.0  56.3    35.4
 100.0  56.2    35.7
 100.9  56.1    36.0
 101.9  56.1    36.3
 102.8  56.0    36.6
 103.8  55.9    37.0
 104.7  55.7    37.3
 105.6  55.6    37.7
 106.6  55.4    38.1
 107.5  55.3    38.4
 108.4  55.1    38.8
 109.3  54.9    39.3
 110.2  54.7    39.7
 111.1  54.4    40.1
 112.0  54.2    40.6
 112.9  53.9    41.0
 113.8  53.6    41.5
 114.6  53.3    42.0
 115.5  53.0    42.5
 116.3  52.7    43.0
 117.2  52.3    43.5
 119.0  51.5    44.7
 119.2  52.1    44.1
 119.3  52.8    43.6
 119.5  53.4    43.1
 119.7  53.9    42.6
 120.0  54.5    42.1
 120.2  55.1    41.7
 120.5  55.7    41.2
 120.8  56.2    40.8
 121.1  56.8    40.3
 121.4  57.3    39.9
 121.7  57.8    39.5
 122.1  58.4    39.1
 122.5  58.9    38.7
 122.9  59.4    38.4
 123.4  59.9    38.0
 123.8  60.4    37.7
 124.3  60.9    37.3
 124.8  61.3    37.0
 125.4  61.8    36.7
 126.0  62.2    36.4
 126.6  62.7    36.1
 127.2  63.1    35.9
 127.9  63.6    35.6
 128.6  64.0    35.4
 129.3  64.4    35.1
 130.1  64.8    34.9
 130.9  65.2    34.7
 131.7  65.5    34.5
 132.6  65.9    34.4
 133.5  66.3    34.2
 134.4  66.6    34.1
 135.4  66.9    33.9
 136.4  67.2    33.8
 137.4  67.5    33.7
 138.5  67.8    33.6
 139.7  68.1    33.6
 140.8  68.4    33.5
 142.0  68.6    33.5
 143.2  68.8    33.4
 144.5  69.0    33.4
 145.8  69.2    33.4
 147.1  69.4    33.4
 148.5  69.5    33.5
 149.9  69.7    33.5
 151.3  69.8    33.6
 152.7  69.9    33.6
 154.2  70.0    33.7
 155.6  70.0    33.8
 157.1  70.1    33.9
 158.6  70.1    34.1
 160.1  70.1    34.2
 161.5  70.1    34.4
 163.0  70.0    34.6
 164.5  70.0    34.7
 166.0  69.9    34.9
 167.5  69.8    35.2
 168.9  69.6    35.4
 170.3  69.5    35.6
 171.7  69.3    35.9
 173.1  69.2    36.2
 174.5  69.0    36.4
 175.8  68.7    36.7
 177.1  68.5    37.1
 178.4  68.2    37.4
 179.6  67.9    37.7

