  70.60   45.48
  70.87   45.91
  71.27   46.27
  71.80   46.57
  72.10   46.98
  72.55   47.33
  73.01   47.67
  73.48   48.00
  73.98   48.33
  74.48   48.65
  74.88   49.01
  75.42   49.32
  75.98   49.61
  76.42   49.95
  77.01   50.23
  77.62   50.51
  78.11   50.82
  78.76   51.08
  79.28   51.38
  79.96   51.62
  80.66   51.85
  81.24   52.12
  81.83   52.38
  82.58   52.58
  83.21   52.82
  83.85   53.05
  84.66   53.22
  85.34   53.43
  86.03   53.63
  86.74   53.82
  87.62   53.95
  88.37   54.11
  89.13   54.26
  89.91   54.40
  90.71   54.53
  91.52   54.64
  92.20   54.79
  93.04   54.88
  93.90   54.96
  94.77   55.02
  95.51   55.12
  97.54   55.22
  97.45   55.59
  97.22   56.00
  96.85   56.47
  96.49   56.93
  96.14   57.39
  95.80   57.84
  95.47   58.30
  95.33   58.71
  94.84   59.20
  94.55   59.64
  94.26   60.09
  93.99   60.54
  93.73   60.98
  93.48   61.42
  93.04   61.90
  92.82   62.34
  92.61   62.78
  92.19   63.25
  92.01   63.69
  91.61   64.16
  91.45   64.60
  91.08   65.07
  90.94   65.51
  90.59   65.97
  90.49   66.41
  90.16   66.87
  89.83   67.33
  89.78   67.78
  89.48   68.24
  89.20   68.69
  89.20   69.14
  88.95   69.60
  88.70   70.06
  88.48   70.51
  88.27   70.97
  88.07   71.43
  87.89   71.88
  87.73   72.34
  87.60   72.80
  87.83   73.26
  87.39   73.71
  87.32   74.17
  87.28   74.63
  87.27   75.09
  87.30   75.55
  87.36   76.01
  87.46   76.47
  87.60   76.93
  87.80   77.40
  88.05   77.86
  87.87   78.31
  88.23   78.77
  88.67   79.24
  88.64   79.68
  89.23   80.15
  89.94   80.61
  90.14   81.05
  91.09   81.52
  91.50   81.96
  92.77   82.42
  93.49   82.86
  95.21   83.31
  96.36   83.74
  97.77   84.16
 100.54   84.60
 102.74   85.01
 106.68   85.41
 110.12   85.79
 114.34   86.14
 119.52   86.47
 125.82   86.75
 133.37   86.98
 142.12   87.15
 151.81   87.23
 161.88   87.22
 171.64   87.12
-179.49   86.93
-171.81   86.67
-165.66   86.44
-160.20   86.07
-155.76   85.66
-152.24   85.66
-147.80   86.07
-142.34   86.44
-136.19   86.67
-128.51   86.93
-119.64   87.12
-109.88   87.22
 -99.81   87.23
 -90.12   87.15
 -81.37   86.98
 -73.82   86.75
 -67.52   86.47
 -62.34   86.14
 -58.12   85.79
 -54.68   85.41
 -50.74   85.01
 -48.54   84.60
 -45.77   84.16
 -44.36   83.74
 -43.21   83.31
 -41.49   82.86
 -40.77   82.42
 -39.50   81.96
 -39.09   81.52
 -38.14   81.05
 -37.94   80.61
 -37.23   80.15
 -36.64   79.68
 -36.67   79.24
 -36.23   78.77
 -35.87   78.31
 -36.05   77.86
 -35.80   77.40
 -35.60   76.93
 -35.46   76.47
 -35.36   76.01
 -35.30   75.55
 -35.27   75.09
 -35.66   74.64
 -35.69   74.18
 -35.39   73.71
 -35.48   73.25
 -35.93   72.80
 -35.73   72.34
 -35.89   71.88
 -36.07   71.43
 -36.27   70.97
 -36.48   70.51
 -36.70   70.06
 -36.95   69.60
 -37.20   69.14
 -37.20   68.69
 -37.48   68.24
 -37.78   67.78
 -37.83   67.33
 -38.16   66.87
 -38.49   66.41
 -38.59   65.97
 -38.94   65.51
 -39.08   65.07
 -39.45   64.60
 -39.61   64.16
 -40.01   63.69
 -40.19   63.25
 -40.61   62.78
 -40.82   62.34
 -41.04   61.90
 -41.48   61.42
 -41.73   60.98
 -41.99   60.54
 -42.26   60.09
 -42.55   59.64
 -42.84   59.20
 -43.33   58.71
 -43.47   58.30
 -43.80   57.84
 -44.14   57.39
 -44.49   56.93
 -44.85   56.47
 -45.22   56.00
 -45.45   55.59
 -45.54   55.22
 -43.51   55.12
 -42.77   55.02
 -41.90   54.96
 -41.04   54.88
 -40.20   54.79
 -39.52   54.64
 -38.71   54.53
 -37.91   54.40
 -37.13   54.26
 -36.37   54.11
 -35.62   53.95
 -34.74   53.82
 -34.03   53.63
 -33.34   53.43
 -32.66   53.22
 -31.85   53.05
 -31.21   52.82
 -30.58   52.58
 -29.83   52.38
 -29.24   52.12
 -28.66   51.85
 -27.96   51.62
 -27.28   51.38
 -26.76   51.08
 -26.11   50.82
 -25.62   50.51
 -25.01   50.23
 -24.42   49.95
 -23.98   49.61
 -23.42   49.32
 -22.88   49.01
 -22.48   48.65
 -21.98   48.33
 -21.48   48.00
 -21.01   47.67
 -20.55   47.33
 -20.10   46.98
 -19.80   46.57
 -19.27   46.27
 -18.87   45.91
 -18.60   45.48
 -18.12   45.16
 -17.77   44.78
 -17.54   44.33
 -17.10   43.99
 -16.79   43.59
 -16.50   43.18
 -16.21   42.77
 -15.94   42.36
 -15.68   41.93
 -15.33   41.57
 -15.10   41.14
 -14.88   40.70
 -14.57   40.32
 -14.38   39.87
 -14.19   39.42
 -13.92   39.03
 -13.76   38.56
 -13.52   38.16
 -13.38   37.69
 -13.25   37.21
 -13.04   36.79
 -12.85   36.38
 -12.75   35.88
 -12.58   35.45
 -12.42   35.02
 -12.36   34.51
 -12.22   34.07
 -12.09   33.62
 -11.98   33.17
 -11.95   32.64
 -11.85   32.18
 -11.77   31.71
 -11.70   31.24
 -11.63   30.76
 -11.58   30.28
 -11.47   29.88
 -11.43   29.38
 -11.41   28.88
 -11.40   28.38
 -11.33   27.95
 -11.31   26.79
 -10.90   26.82
 -10.42   26.92
  -9.88   27.09
  -9.35   27.25
  -8.82   27.40
  -8.28   27.53
  -7.75   27.66
  -7.29   27.68
  -6.70   27.87
  -6.17   27.96
  -5.65   28.03
  -5.13   28.10
  -4.61   28.15
  -4.09   28.20
  -3.52   28.32
  -3.00   28.34
  -2.49   28.35
  -1.92   28.43
  -1.41   28.42
  -0.85   28.48
  -0.34   28.45
   0.22   28.49
   0.72   28.44
   1.27   28.46
   1.76   28.39
   2.31   28.39
   2.85   28.38
   3.34   28.27
   3.88   28.24
   4.41   28.20
   4.89   28.06
   5.41   28.00
   5.94   27.94
   6.45   27.86
   6.96   27.77
   7.47   27.67
   7.98   27.56
   8.48   27.45
   8.97   27.32
   9.43   27.09
   9.92   26.94
  10.40   26.78
  10.88   26.61
  11.39   26.53
  11.86   26.35
  12.33   26.15
  12.79   25.95
  13.25   25.73
  13.70   25.51
  14.15   25.28
  14.61   25.13
  15.05   24.88
  15.49   24.62
  15.94   24.45
  16.36   24.17
  16.78   23.88
  17.21   23.68
  17.62   23.37
  18.04   23.15
  18.44   22.83
  18.85   22.59
  19.24   22.24
  19.64   21.99
  20.03   21.72
  20.41   21.35
  20.79   21.07
  21.16   20.68
  21.53   20.38
  21.89   20.06
  22.25   19.74
  22.61   19.41
  22.95   19.07
  23.30   18.72
  23.64   18.36
  23.97   18.00
  24.30   17.62
  24.62   17.23
  24.94   16.83
  25.25   16.51
  25.56   16.09
  25.86   15.66
  26.14   15.66
  26.44   16.09
  26.75   16.51
  27.06   16.83
  27.38   17.23
  27.70   17.62
  28.03   18.00
  28.36   18.36
  28.70   18.72
  29.05   19.07
  29.39   19.41
  29.75   19.74
  30.11   20.06
  30.47   20.38
  30.84   20.68
  31.21   21.07
  31.59   21.35
  31.97   21.72
  32.36   21.99
  32.76   22.24
  33.15   22.59
  33.56   22.83
  33.96   23.15
  34.38   23.37
  34.79   23.68
  35.22   23.88
  35.64   24.17
  36.06   24.45
  36.51   24.62
  36.95   24.88
  37.39   25.13
  37.85   25.28
  38.30   25.51
  38.75   25.73
  39.21   25.95
  39.67   26.15
  40.14   26.35
  40.61   26.53
  41.12   26.61
  41.56   26.88
  42.05   27.03
  42.57   27.09
  43.03   27.32
  43.56   27.35
  44.02   27.56
  44.53   27.67
  45.04   27.77
  45.55   27.86
  46.06   27.94
  46.59   28.00
  47.11   28.06
  47.59   28.20
  48.12   28.24
  48.66   28.27
  49.15   28.38
  49.69   28.39
  50.24   28.39
  50.73   28.46
  51.28   28.44
  51.78   28.49
  52.34   28.45
  52.85   28.48
  53.41   28.42
  53.92   28.43
  54.49   28.35
  55.00   28.34
  55.52   28.32
  56.09   28.20
  56.61   28.15
  57.13   28.10
  57.65   28.03
  58.17   27.96
  58.70   27.87
  59.29   27.68
  59.75   27.66
  60.28   27.53
  60.82   27.40
  61.35   27.25
  61.88   27.09
  62.42   26.92
  62.90   26.82
  63.31   26.79
  63.33   27.95
  63.40   28.38
  63.41   28.88
  63.43   29.38
  63.47   29.88
  63.58   30.28
  63.63   30.76
  63.70   31.24
  63.77   31.71
  63.85   32.18
  63.95   32.64
  63.98   33.17
  64.09   33.62
  64.22   34.07
  64.36   34.51
  64.42   35.02
  64.58   35.45
  64.75   35.88
  64.85   36.38
  65.04   36.79
  65.25   37.21
  65.38   37.69
  65.52   38.16
  65.76   38.56
  65.92   39.03
  66.19   39.42
  66.38   39.87
  66.57   40.32
  66.88   40.70
  67.10   41.14
  67.33   41.57
  67.68   41.93
  67.94   42.36
  68.21   42.77
  68.50   43.18
  68.79   43.59
  69.10   43.99
  69.54   44.33
  69.77   44.78
  70.12   45.16
  70.60   45.48

