54.71    246.69    0.0   
49.81    285.58    0.0
64.72    250.67    0.0 
61.76    238.77    0.0 
60.03    248.07    0.0 
66.56    214.79    0.0 
62.39    214.87    0.0
53.32    299.54    0.0 
56.35    265.34    0.0 
68.41    226.23    0.0 
49.39    277.68    0.0 
66.97    199.56    0.0 
58.10    291.60    0.0 
62.95    204.40    0.0 
53.82    237.17    0.0 
50.20    263.96    0.0 
62.82    267.89    0.0 
63.58    249.13    0.0 
56.54    280.77    0.0 
69.54    266.45    0.0
53.99    259.06    0.0
61.01    224.78    0.0
62.52    245.69    0.0

